K=10,md=1,MAE=120.319471661
K=10,md=3,MAE=120.174267637
K=20,md=1,MAE=120.319270434
K=20,md=3,MAE=120.170868966
